             seconds	                  pH	             logHCO3	              logCO3	            logH2CO3	
  0.000000000000e+00	  7.000000000000e+00	 -9.999000000000e+01	 -9.999000000000e+01	 -9.999000000000e+01	
  1.500000000000e+04	  6.158481028822e+00	 -6.169643761658e+00	 -1.036412230432e+01	 -9.999000000000e+01	
  3.000000000000e+04	  6.052966090735e+00	 -6.060201315725e+00	 -1.036019479647e+01	 -9.999000000000e+01	
  4.500000000000e+04	  5.994308664927e+00	 -6.000025685047e+00	 -1.035867659160e+01	 -9.999000000000e+01	
  6.000000000000e+04	  5.954065952597e+00	 -5.958941491681e+00	 -1.035783511056e+01	 -9.999000000000e+01	
  7.500000000000e+04	  5.923806625629e+00	 -5.928137656710e+00	 -1.035729060256e+01	 -9.999000000000e+01	
  9.000000000000e+04	  5.899772972122e+00	 -5.903718372097e+00	 -1.035690497145e+01	 -9.999000000000e+01	
  1.050000000000e+05	  5.879982775556e+00	 -5.883638528969e+00	 -1.035661532489e+01	 -9.999000000000e+01	
  1.200000000000e+05	  5.863264513991e+00	 -5.866693535486e+00	 -1.035638859298e+01	 -9.999000000000e+01	
  1.350000000000e+05	  5.848869009118e+00	 -5.852115025361e+00	 -1.035620558772e+01	 -9.999000000000e+01	
  1.500000000000e+05	  5.836289356819e+00	 -5.839384140302e+00	 -1.035605435496e+01	 -9.999000000000e+01	
  1.650000000000e+05	  5.825165484803e+00	 -5.828132922457e+00	 -1.035592700913e+01	 -9.999000000000e+01	
  1.800000000000e+05	  5.815231850155e+00	 -5.818090391227e+00	 -1.035581811255e+01	 -9.999000000000e+01	
  1.950000000000e+05	  5.806292378344e+00	 -5.809056645642e+00	 -1.035572383878e+01	 -9.999000000000e+01	
  2.100000000000e+05	  5.798191421203e+00	 -5.800873187849e+00	 -1.035564133813e+01	 -9.999000000000e+01	
  2.250000000000e+05	  5.790807661841e+00	 -5.793416574494e+00	 -1.035556848413e+01	 -9.999000000000e+01	
  2.400000000000e+05	  5.784043772150e+00	 -5.786587845534e+00	 -1.035550364486e+01	 -9.999000000000e+01	
  2.550000000000e+05	  5.777820516337e+00	 -5.780306490077e+00	 -1.035544554522e+01	 -9.999000000000e+01	
  2.700000000000e+05	  5.772072554771e+00	 -5.774506156449e+00	 -1.035539317316e+01	 -9.999000000000e+01	
  2.850000000000e+05	  5.766745393936e+00	 -5.769131536720e+00	 -1.035534571426e+01	 -9.999000000000e+01	
  3.000000000000e+05	  5.761793127290e+00	 -5.764136060891e+00	 -1.035530250508e+01	 -9.999000000000e+01	
  3.150000000000e+05	  5.757176733649e+00	 -5.759480161355e+00	 -1.035526299919e+01	 -9.999000000000e+01	
  3.300000000000e+05	  5.752862776170e+00	 -5.755129946797e+00	 -1.035522674211e+01	 -9.999000000000e+01	
  3.450000000000e+05	  5.748822394186e+00	 -5.751056175189e+00	 -1.035519335248e+01	 -9.999000000000e+01	
  3.600000000000e+05	  5.745030512496e+00	 -5.747233448740e+00	 -1.035516250772e+01	 -9.999000000000e+01	
  3.750000000000e+05	  5.741465248065e+00	 -5.743639609805e+00	 -1.035513393322e+01	 -9.999000000000e+01	
  3.900000000000e+05	  5.738107847097e+00	 -5.740255672764e+00	 -1.035510739715e+01	 -9.999000000000e+01	
  4.050000000000e+05	  5.734940766943e+00	 -5.737063887187e+00	 -1.035508269172e+01	 -9.999000000000e+01	
  4.200000000000e+05	  5.731948893129e+00	 -5.734048961815e+00	 -1.035505964017e+01	 -9.999000000000e+01	
  4.350000000000e+05	  5.729118749690e+00	 -5.731197266379e+00	 -1.035503808817e+01	 -9.999000000000e+01	
  4.500000000000e+05	  5.726438272875e+00	 -5.728496601790e+00	 -1.035501790040e+01	 -9.999000000000e+01	
  4.650000000000e+05	  5.723896622389e+00	 -5.725936008500e+00	 -1.035499895759e+01	 -9.999000000000e+01	
  4.800000000000e+05	  5.721488236678e+00	 -5.723509850371e+00	 -1.035498118517e+01	 -9.999000000000e+01	
  4.950000000000e+05	  5.719196372296e+00	 -5.721201231875e+00	 -1.035496443106e+01	 -9.999000000000e+01	
  5.100000000000e+05	  5.717016322539e+00	 -5.719005387390e+00	 -1.035494863633e+01	 -9.999000000000e+01	
  5.250000000000e+05	  5.714941132753e+00	 -5.716915290022e+00	 -1.035493372875e+01	 -9.999000000000e+01	
  5.400000000000e+05	  5.712963576617e+00	 -5.714923642303e+00	 -1.035491963717e+01	 -9.999000000000e+01	
  5.550000000000e+05	  5.711078048654e+00	 -5.713024781826e+00	 -1.035490630465e+01	 -9.999000000000e+01	
  5.700000000000e+05	  5.709278953896e+00	 -5.711213058978e+00	 -1.035489367656e+01	 -9.999000000000e+01	
  5.850000000000e+05	  5.707561149746e+00	 -5.709483281666e+00	 -1.035488170340e+01	 -9.999000000000e+01	
  6.000000000000e+05	  5.705919899265e+00	 -5.707830668007e+00	 -1.035487034022e+01	 -9.999000000000e+01	
  6.150000000000e+05	  5.704350830314e+00	 -5.706250804946e+00	 -1.035485954611e+01	 -9.999000000000e+01	
  6.300000000000e+05	  5.702849899699e+00	 -5.704739611953e+00	 -1.035484928373e+01	 -9.999000000000e+01	
  6.450000000000e+05	  5.701413361596e+00	 -5.703293309062e+00	 -1.035483951895e+01	 -9.999000000000e+01	
  6.600000000000e+05	  5.700037739671e+00	 -5.701908388644e+00	 -1.035483022045e+01	 -9.999000000000e+01	
  6.750000000000e+05	  5.698719802372e+00	 -5.700581590414e+00	 -1.035482135952e+01	 -9.999000000000e+01	
  6.900000000000e+05	  5.697456540994e+00	 -5.699309879224e+00	 -1.035481290971e+01	 -9.999000000000e+01	
  7.050000000000e+05	  5.696245150138e+00	 -5.698090425303e+00	 -1.035480484665e+01	 -9.999000000000e+01	
  7.200000000000e+05	  5.695083010256e+00	 -5.696920586599e+00	 -1.035479714782e+01	 -9.999000000000e+01	
  7.350000000000e+05	  5.693967672040e+00	 -5.695797892986e+00	 -1.035478979243e+01	 -9.999000000000e+01	
  7.500000000000e+05	  5.692896880584e+00	 -5.694720070523e+00	 -1.035478276142e+01	 -9.999000000000e+01	
  7.650000000000e+05	  5.691868450020e+00	 -5.693684915206e+00	 -1.035477603667e+01	 -9.999000000000e+01	
  7.800000000000e+05	  5.690880365704e+00	 -5.692690395781e+00	 -1.035476960156e+01	 -9.999000000000e+01	
  7.950000000000e+05	  5.689930705001e+00	 -5.691734573963e+00	 -1.035476344044e+01	 -9.999000000000e+01	
  8.100000000000e+05	  5.689017700189e+00	 -5.690815667711e+00	 -1.035475753900e+01	 -9.999000000000e+01	
  8.250000000000e+05	  5.688139671231e+00	 -5.689931983525e+00	 -1.035475188377e+01	 -9.999000000000e+01	
  8.400000000000e+05	  5.687295034471e+00	 -5.689081925174e+00	 -1.035474646218e+01	 -9.999000000000e+01	
  8.550000000000e+05	  5.686482295668e+00	 -5.688263986650e+00	 -1.035474126246e+01	 -9.999000000000e+01	
  8.700000000000e+05	  5.685700043635e+00	 -5.687476745751e+00	 -1.035473627360e+01	 -9.999000000000e+01	
  8.850000000000e+05	  5.684946944441e+00	 -5.686718858213e+00	 -1.035473148525e+01	 -9.999000000000e+01	
  9.000000000000e+05	  5.684221736098e+00	 -5.685989052355e+00	 -1.035472688774e+01	 -9.999000000000e+01	
  9.150000000000e+05	  5.683523223700e+00	 -5.685286124160e+00	 -1.035472247194e+01	 -9.999000000000e+01	
  9.300000000000e+05	  5.682850274963e+00	 -5.684608932778e+00	 -1.035471822930e+01	 -9.999000000000e+01	
  9.450000000000e+05	  5.682201816127e+00	 -5.683956396385e+00	 -1.035471415174e+01	 -9.999000000000e+01	
  9.600000000000e+05	  5.681576828186e+00	 -5.683327488374e+00	 -1.035471023167e+01	 -9.999000000000e+01	
  9.750000000000e+05	  5.680974343418e+00	 -5.682721233856e+00	 -1.035470646192e+01	 -9.999000000000e+01	
  9.900000000000e+05	  5.680393442178e+00	 -5.682136706421e+00	 -1.035470283572e+01	 -9.999000000000e+01	
  1.005000000000e+06	  5.679833249945e+00	 -5.681573025158e+00	 -1.035469934669e+01	 -9.999000000000e+01	
  1.020000000000e+06	  5.679292934587e+00	 -5.681029351892e+00	 -1.035469598878e+01	 -9.999000000000e+01	
  1.035000000000e+06	  5.678771703831e+00	 -5.680504888631e+00	 -1.035469275628e+01	 -9.999000000000e+01	
  1.050000000000e+06	  5.678268802914e+00	 -5.679998875200e+00	 -1.035468964377e+01	 -9.999000000000e+01	
  1.065000000000e+06	  5.677783512416e+00	 -5.679510587047e+00	 -1.035468664611e+01	 -9.999000000000e+01	
  1.080000000000e+06	  5.677315146233e+00	 -5.679039333205e+00	 -1.035468375845e+01	 -9.999000000000e+01	
  1.095000000000e+06	  5.676863049703e+00	 -5.678584454395e+00	 -1.035468097617e+01	 -9.999000000000e+01	
  1.110000000000e+06	  5.676426597864e+00	 -5.678145321271e+00	 -1.035467829489e+01	 -9.999000000000e+01	
  1.125000000000e+06	  5.676005193818e+00	 -5.677721332775e+00	 -1.035467571044e+01	 -9.999000000000e+01	
  1.140000000000e+06	  5.675598267229e+00	 -5.677311914608e+00	 -1.035467321886e+01	 -9.999000000000e+01	
  1.155000000000e+06	  5.675205272898e+00	 -5.676916517807e+00	 -1.035467081639e+01	 -9.999000000000e+01	
  1.170000000000e+06	  5.674825689450e+00	 -5.676534617417e+00	 -1.035466849945e+01	 -9.999000000000e+01	
  1.185000000000e+06	  5.674459018104e+00	 -5.676165711240e+00	 -1.035466626462e+01	 -9.999000000000e+01	
  1.200000000000e+06	  5.674104781514e+00	 -5.675809318683e+00	 -1.035466410865e+01	 -9.999000000000e+01	
  1.215000000000e+06	  5.673762522699e+00	 -5.675464979665e+00	 -1.035466202845e+01	 -9.999000000000e+01	
  1.230000000000e+06	  5.673431804030e+00	 -5.675132253605e+00	 -1.035466002105e+01	 -9.999000000000e+01	
  1.245000000000e+06	  5.673112206290e+00	 -5.674810718466e+00	 -1.035465808366e+01	 -9.999000000000e+01	
  1.260000000000e+06	  5.672803327786e+00	 -5.674499969866e+00	 -1.035465621356e+01	 -9.999000000000e+01	
  1.275000000000e+06	  5.672504783521e+00	 -5.674199620242e+00	 -1.035465440820e+01	 -9.999000000000e+01	
  1.290000000000e+06	  5.672216204418e+00	 -5.673909298064e+00	 -1.035465266513e+01	 -9.999000000000e+01	
  1.305000000000e+06	  5.671937236589e+00	 -5.673628647101e+00	 -1.035465098199e+01	 -9.999000000000e+01	
  1.320000000000e+06	  5.671667540653e+00	 -5.673357325735e+00	 -1.035464935656e+01	 -9.999000000000e+01	
  1.335000000000e+06	  5.671406791090e+00	 -5.673095006307e+00	 -1.035464778670e+01	 -9.999000000000e+01	
  1.350000000000e+06	  5.671154675643e+00	 -5.672841374514e+00	 -1.035464627035e+01	 -9.999000000000e+01	
  1.365000000000e+06	  5.670910894749e+00	 -5.672596128836e+00	 -1.035464480557e+01	 -9.999000000000e+01	
  1.380000000000e+06	  5.670675161009e+00	 -5.672358980006e+00	 -1.035464339048e+01	 -9.999000000000e+01	
  1.395000000000e+06	  5.670447198690e+00	 -5.672129650500e+00	 -1.035464202329e+01	 -9.999000000000e+01	
  1.410000000000e+06	  5.670226743256e+00	 -5.671907874070e+00	 -1.035464070229e+01	 -9.999000000000e+01	
  1.425000000000e+06	  5.670013540929e+00	 -5.671693395303e+00	 -1.035463942585e+01	 -9.999000000000e+01	
  1.440000000000e+06	  5.669807201765e+00	 -5.671485821811e+00	 -1.035463819153e+01	 -9.999000000000e+01	
  1.455000000000e+06	  5.669607455999e+00	 -5.671284882116e+00	 -1.035463699760e+01	 -9.999000000000e+01	
  1.470000000000e+06	  5.669414208448e+00	 -5.671090480372e+00	 -1.035463584340e+01	 -9.999000000000e+01	
  1.485000000000e+06	  5.669227237308e+00	 -5.670902393365e+00	 -1.035463472754e+01	 -9.999000000000e+01	
  1.500000000000e+06	  5.669046329009e+00	 -5.670720406165e+00	 -1.035463364864e+01	 -9.999000000000e+01	
