
exportforplot =

 Columns 1 through 6:

  -9.0000e+00  -2.0000e+00         -Inf  -9.0248e+00  -1.7278e+01  -2.7636e+01
  -8.9800e+00  -2.0000e+00         -Inf  -9.0048e+00  -1.7238e+01  -2.7576e+01
  -8.9600e+00  -2.0000e+00         -Inf  -8.9848e+00  -1.7198e+01  -2.7516e+01
  -8.9400e+00  -2.0000e+00         -Inf  -8.9648e+00  -1.7158e+01  -2.7456e+01
  -8.9200e+00  -2.0000e+00         -Inf  -8.9448e+00  -1.7118e+01  -2.7396e+01
  -8.9000e+00  -2.0000e+00         -Inf  -8.9248e+00  -1.7078e+01  -2.7336e+01
  -8.8800e+00  -2.0000e+00         -Inf  -8.9048e+00  -1.7038e+01  -2.7276e+01
  -8.8600e+00  -2.0000e+00         -Inf  -8.8848e+00  -1.6998e+01  -2.7216e+01
  -8.8400e+00  -2.0000e+00         -Inf  -8.8648e+00  -1.6958e+01  -2.7156e+01
  -8.8200e+00  -2.0000e+00         -Inf  -8.8448e+00  -1.6918e+01  -2.7096e+01
  -8.8000e+00  -2.0000e+00         -Inf  -8.8248e+00  -1.6878e+01  -2.7036e+01
  -8.7800e+00  -2.0000e+00         -Inf  -8.8048e+00  -1.6838e+01  -2.6976e+01
  -8.7600e+00  -2.0000e+00         -Inf  -8.7848e+00  -1.6798e+01  -2.6916e+01
  -8.7400e+00  -2.0000e+00         -Inf  -8.7648e+00  -1.6758e+01  -2.6856e+01
  -8.7200e+00  -2.0000e+00         -Inf  -8.7448e+00  -1.6718e+01  -2.6796e+01
  -8.7000e+00  -2.0000e+00         -Inf  -8.7248e+00  -1.6678e+01  -2.6736e+01
  -8.6800e+00  -2.0000e+00         -Inf  -8.7048e+00  -1.6638e+01  -2.6676e+01
  -8.6600e+00  -2.0000e+00         -Inf  -8.6848e+00  -1.6598e+01  -2.6616e+01
  -8.6400e+00  -2.0000e+00         -Inf  -8.6648e+00  -1.6558e+01  -2.6556e+01
  -8.6200e+00  -2.0000e+00         -Inf  -8.6448e+00  -1.6518e+01  -2.6496e+01
  -8.6000e+00  -2.0000e+00         -Inf  -8.6248e+00  -1.6478e+01  -2.6436e+01
  -8.5800e+00  -2.0000e+00         -Inf  -8.6048e+00  -1.6438e+01  -2.6376e+01
  -8.5600e+00  -2.0000e+00         -Inf  -8.5848e+00  -1.6398e+01  -2.6316e+01
  -8.5400e+00  -2.0000e+00         -Inf  -8.5648e+00  -1.6358e+01  -2.6256e+01
  -8.5200e+00  -2.0000e+00         -Inf  -8.5448e+00  -1.6318e+01  -2.6196e+01
  -8.5000e+00  -2.0000e+00         -Inf  -8.5248e+00  -1.6278e+01  -2.6136e+01
  -8.4800e+00  -2.0000e+00         -Inf  -8.5048e+00  -1.6238e+01  -2.6076e+01
  -8.4600e+00  -2.0000e+00         -Inf  -8.4848e+00  -1.6198e+01  -2.6016e+01
  -8.4400e+00  -2.0000e+00         -Inf  -8.4648e+00  -1.6158e+01  -2.5956e+01
  -8.4200e+00  -2.0000e+00         -Inf  -8.4448e+00  -1.6118e+01  -2.5896e+01
  -8.4000e+00  -2.0000e+00         -Inf  -8.4248e+00  -1.6078e+01  -2.5836e+01
  -8.3800e+00  -2.0000e+00         -Inf  -8.4048e+00  -1.6038e+01  -2.5776e+01
  -8.3600e+00  -2.0000e+00         -Inf  -8.3848e+00  -1.5998e+01  -2.5716e+01
  -8.3400e+00  -2.0000e+00         -Inf  -8.3648e+00  -1.5958e+01  -2.5656e+01
  -8.3200e+00  -2.0000e+00         -Inf  -8.3448e+00  -1.5918e+01  -2.5596e+01
  -8.3000e+00  -2.0000e+00         -Inf  -8.3248e+00  -1.5878e+01  -2.5536e+01
  -8.2800e+00  -2.0000e+00         -Inf  -8.3048e+00  -1.5838e+01  -2.5476e+01
  -8.2600e+00  -2.0000e+00         -Inf  -8.2848e+00  -1.5798e+01  -2.5416e+01
  -8.2400e+00  -2.0000e+00         -Inf  -8.2648e+00  -1.5758e+01  -2.5356e+01
  -8.2200e+00  -2.0000e+00         -Inf  -8.2448e+00  -1.5718e+01  -2.5296e+01
  -8.2000e+00  -2.0000e+00         -Inf  -8.2248e+00  -1.5678e+01  -2.5236e+01
  -8.1800e+00  -2.0000e+00         -Inf  -8.2048e+00  -1.5638e+01  -2.5176e+01
  -8.1600e+00  -2.0000e+00         -Inf  -8.1848e+00  -1.5598e+01  -2.5116e+01
  -8.1400e+00  -2.0000e+00         -Inf  -8.1648e+00  -1.5558e+01  -2.5056e+01
  -8.1200e+00  -2.0000e+00         -Inf  -8.1448e+00  -1.5518e+01  -2.4996e+01
  -8.1000e+00  -2.0000e+00         -Inf  -8.1248e+00  -1.5478e+01  -2.4936e+01
  -8.0800e+00  -2.0000e+00         -Inf  -8.1048e+00  -1.5438e+01  -2.4876e+01
  -8.0600e+00  -2.0000e+00         -Inf  -8.0848e+00  -1.5398e+01  -2.4816e+01
  -8.0400e+00  -2.0000e+00         -Inf  -8.0648e+00  -1.5358e+01  -2.4756e+01
  -8.0200e+00  -2.0000e+00         -Inf  -8.0448e+00  -1.5318e+01  -2.4696e+01
  -8.0000e+00  -2.0000e+00         -Inf  -8.0248e+00  -1.5278e+01  -2.4636e+01
  -7.9800e+00  -2.0000e+00         -Inf  -8.0048e+00  -1.5238e+01  -2.4576e+01
  -7.9600e+00  -2.0000e+00         -Inf  -7.9848e+00  -1.5198e+01  -2.4516e+01
  -7.9400e+00  -2.0000e+00         -Inf  -7.9648e+00  -1.5158e+01  -2.4456e+01
  -7.9200e+00  -2.0000e+00         -Inf  -7.9448e+00  -1.5118e+01  -2.4396e+01
  -7.9000e+00  -2.0000e+00         -Inf  -7.9248e+00  -1.5078e+01  -2.4336e+01
  -7.8800e+00  -2.0000e+00         -Inf  -7.9048e+00  -1.5038e+01  -2.4276e+01
  -7.8600e+00  -2.0000e+00         -Inf  -7.8848e+00  -1.4998e+01  -2.4216e+01
  -7.8400e+00  -2.0000e+00         -Inf  -7.8648e+00  -1.4958e+01  -2.4156e+01
  -7.8200e+00  -2.0000e+00         -Inf  -7.8448e+00  -1.4918e+01  -2.4096e+01
  -7.8000e+00  -2.0000e+00         -Inf  -7.8248e+00  -1.4878e+01  -2.4036e+01
  -7.7800e+00  -2.0000e+00         -Inf  -7.8048e+00  -1.4838e+01  -2.3976e+01
  -7.7600e+00  -2.0000e+00         -Inf  -7.7848e+00  -1.4798e+01  -2.3916e+01
  -7.7400e+00  -2.0000e+00         -Inf  -7.7648e+00  -1.4758e+01  -2.3856e+01
  -7.7200e+00  -2.0000e+00         -Inf  -7.7448e+00  -1.4718e+01  -2.3796e+01
  -7.7000e+00  -2.0000e+00         -Inf  -7.7248e+00  -1.4678e+01  -2.3736e+01
  -7.6800e+00  -2.0000e+00         -Inf  -7.7048e+00  -1.4638e+01  -2.3676e+01
  -7.6600e+00  -2.0000e+00         -Inf  -7.6848e+00  -1.4598e+01  -2.3616e+01
  -7.6400e+00  -2.0000e+00         -Inf  -7.6648e+00  -1.4558e+01  -2.3556e+01
  -7.6200e+00  -2.0000e+00         -Inf  -7.6448e+00  -1.4518e+01  -2.3496e+01
  -7.6000e+00  -2.0000e+00         -Inf  -7.6248e+00  -1.4478e+01  -2.3436e+01
  -7.5800e+00  -2.0000e+00         -Inf  -7.6048e+00  -1.4438e+01  -2.3376e+01
  -7.5600e+00  -2.0000e+00         -Inf  -7.5848e+00  -1.4398e+01  -2.3316e+01
  -7.5400e+00  -2.0000e+00         -Inf  -7.5648e+00  -1.4358e+01  -2.3256e+01
  -7.5200e+00  -2.0000e+00         -Inf  -7.5448e+00  -1.4318e+01  -2.3196e+01
  -7.5000e+00  -2.0000e+00         -Inf  -7.5248e+00  -1.4278e+01  -2.3136e+01
  -7.4800e+00  -2.0000e+00         -Inf  -7.5048e+00  -1.4238e+01  -2.3076e+01
  -7.4600e+00  -2.0000e+00         -Inf  -7.4848e+00  -1.4198e+01  -2.3016e+01
  -7.4400e+00  -2.0000e+00         -Inf  -7.4648e+00  -1.4158e+01  -2.2956e+01
  -7.4200e+00  -2.0000e+00         -Inf  -7.4448e+00  -1.4118e+01  -2.2896e+01
  -7.4000e+00  -2.0000e+00         -Inf  -7.4248e+00  -1.4078e+01  -2.2836e+01
  -7.3800e+00  -2.0000e+00         -Inf  -7.4048e+00  -1.4038e+01  -2.2776e+01
  -7.3600e+00  -2.0000e+00         -Inf  -7.3848e+00  -1.3998e+01  -2.2716e+01
  -7.3400e+00  -2.0000e+00         -Inf  -7.3648e+00  -1.3958e+01  -2.2656e+01
  -7.3200e+00  -2.0000e+00         -Inf  -7.3448e+00  -1.3918e+01  -2.2596e+01
  -7.3000e+00  -2.0000e+00         -Inf  -7.3248e+00  -1.3878e+01  -2.2536e+01
  -7.2800e+00  -2.0000e+00         -Inf  -7.3048e+00  -1.3838e+01  -2.2476e+01
  -7.2600e+00  -2.0000e+00         -Inf  -7.2848e+00  -1.3798e+01  -2.2416e+01
  -7.2400e+00  -2.0000e+00         -Inf  -7.2648e+00  -1.3758e+01  -2.2356e+01
  -7.2200e+00  -2.0000e+00         -Inf  -7.2448e+00  -1.3718e+01  -2.2296e+01
  -7.2000e+00  -2.0000e+00         -Inf  -7.2248e+00  -1.3678e+01  -2.2236e+01
  -7.1800e+00  -2.0000e+00         -Inf  -7.2048e+00  -1.3638e+01  -2.2176e+01
  -7.1600e+00  -2.0000e+00         -Inf  -7.1848e+00  -1.3598e+01  -2.2116e+01
  -7.1400e+00  -2.0000e+00         -Inf  -7.1648e+00  -1.3558e+01  -2.2056e+01
  -7.1200e+00  -2.0000e+00         -Inf  -7.1448e+00  -1.3518e+01  -2.1996e+01
  -7.1000e+00  -2.0000e+00         -Inf  -7.1248e+00  -1.3478e+01  -2.1936e+01
  -7.0800e+00  -2.0000e+00         -Inf  -7.1048e+00  -1.3438e+01  -2.1876e+01
  -7.0600e+00  -2.0000e+00         -Inf  -7.0848e+00  -1.3398e+01  -2.1816e+01
  -7.0400e+00  -2.0000e+00         -Inf  -7.0648e+00  -1.3358e+01  -2.1756e+01
  -7.0200e+00  -2.0000e+00         -Inf  -7.0448e+00  -1.3318e+01  -2.1696e+01
  -7.0000e+00  -2.0000e+00         -Inf  -7.0248e+00  -1.3278e+01  -2.1636e+01
  -6.9800e+00  -2.0000e+00         -Inf  -7.0048e+00  -1.3238e+01  -2.1576e+01
  -6.9600e+00  -2.0000e+00         -Inf  -6.9848e+00  -1.3198e+01  -2.1516e+01
  -6.9400e+00  -2.0000e+00         -Inf  -6.9648e+00  -1.3158e+01  -2.1456e+01
  -6.9200e+00  -2.0000e+00         -Inf  -6.9448e+00  -1.3118e+01  -2.1396e+01
  -6.9000e+00  -2.0000e+00         -Inf  -6.9248e+00  -1.3078e+01  -2.1336e+01
  -6.8800e+00  -2.0000e+00         -Inf  -6.9048e+00  -1.3038e+01  -2.1276e+01
  -6.8600e+00  -2.0000e+00         -Inf  -6.8848e+00  -1.2998e+01  -2.1216e+01
  -6.8400e+00  -2.0000e+00         -Inf  -6.8648e+00  -1.2958e+01  -2.1156e+01
  -6.8200e+00  -2.0000e+00         -Inf  -6.8448e+00  -1.2918e+01  -2.1096e+01
  -6.8000e+00  -2.0000e+00         -Inf  -6.8248e+00  -1.2878e+01  -2.1036e+01
  -6.7800e+00  -2.0000e+00         -Inf  -6.8048e+00  -1.2838e+01  -2.0976e+01
  -6.7600e+00  -2.0000e+00         -Inf  -6.7848e+00  -1.2798e+01  -2.0916e+01
  -6.7400e+00  -2.0000e+00         -Inf  -6.7648e+00  -1.2758e+01  -2.0856e+01
  -6.7200e+00  -2.0000e+00         -Inf  -6.7448e+00  -1.2718e+01  -2.0796e+01
  -6.7000e+00  -2.0000e+00         -Inf  -6.7248e+00  -1.2678e+01  -2.0736e+01
  -6.6800e+00  -2.0000e+00         -Inf  -6.7048e+00  -1.2638e+01  -2.0676e+01
  -6.6600e+00  -2.0000e+00         -Inf  -6.6848e+00  -1.2598e+01  -2.0616e+01
  -6.6400e+00  -2.0000e+00         -Inf  -6.6648e+00  -1.2558e+01  -2.0556e+01
  -6.6200e+00  -2.0000e+00         -Inf  -6.6448e+00  -1.2518e+01  -2.0496e+01
  -6.6000e+00  -2.0000e+00         -Inf  -6.6248e+00  -1.2478e+01  -2.0436e+01
  -6.5800e+00  -2.0000e+00         -Inf  -6.6048e+00  -1.2438e+01  -2.0376e+01
  -6.5600e+00  -2.0000e+00         -Inf  -6.5848e+00  -1.2398e+01  -2.0316e+01
  -6.5400e+00  -2.0000e+00         -Inf  -6.5648e+00  -1.2358e+01  -2.0256e+01
  -6.5200e+00  -2.0000e+00         -Inf  -6.5448e+00  -1.2318e+01  -2.0196e+01
  -6.5000e+00  -2.0000e+00         -Inf  -6.5248e+00  -1.2278e+01  -2.0136e+01
  -6.4800e+00  -2.0000e+00         -Inf  -6.5048e+00  -1.2238e+01  -2.0076e+01
  -6.4600e+00  -2.0000e+00         -Inf  -6.4848e+00  -1.2198e+01  -2.0016e+01
  -6.4400e+00  -2.0000e+00         -Inf  -6.4648e+00  -1.2158e+01  -1.9956e+01
  -6.4200e+00  -2.0000e+00  -8.4695e+00  -6.4487e+00  -1.2126e+01  -1.9907e+01
  -6.4000e+00  -2.0000e+00  -7.6714e+00  -6.4487e+00  -1.2126e+01  -1.9907e+01
  -6.3800e+00  -2.0000e+00  -7.3972e+00  -6.4487e+00  -1.2126e+01  -1.9907e+01
  -6.3600e+00  -2.0000e+00  -7.2239e+00  -6.4487e+00  -1.2126e+01  -1.9907e+01
  -6.3400e+00  -2.0000e+00  -7.0953e+00  -6.4487e+00  -1.2126e+01  -1.9907e+01
  -6.3200e+00  -2.0000e+00  -6.9921e+00  -6.4487e+00  -1.2126e+01  -1.9907e+01
  -6.3000e+00  -2.0000e+00  -6.9052e+00  -6.4487e+00  -1.2126e+01  -1.9907e+01
  -6.2800e+00  -2.0000e+00  -6.8297e+00  -6.4487e+00  -1.2126e+01  -1.9907e+01
  -6.2600e+00  -2.0000e+00  -6.7626e+00  -6.4487e+00  -1.2126e+01  -1.9907e+01
  -6.2400e+00  -2.0000e+00  -6.7019e+00  -6.4487e+00  -1.2126e+01  -1.9907e+01
  -6.2200e+00  -2.0000e+00  -6.6464e+00  -6.4487e+00  -1.2126e+01  -1.9907e+01
  -6.2000e+00  -2.0000e+00  -6.5949e+00  -6.4487e+00  -1.2126e+01  -1.9907e+01
  -6.1800e+00  -2.0000e+00  -6.5468e+00  -6.4487e+00  -1.2126e+01  -1.9907e+01
  -6.1600e+00  -2.0000e+00  -6.5016e+00  -6.4487e+00  -1.2126e+01  -1.9907e+01
  -6.1400e+00  -2.0000e+00  -6.4589e+00  -6.4487e+00  -1.2126e+01  -1.9907e+01
  -6.1200e+00  -2.0000e+00  -6.4182e+00  -6.4487e+00  -1.2126e+01  -1.9907e+01
  -6.1000e+00  -2.0000e+00  -6.3793e+00  -6.4487e+00  -1.2126e+01  -1.9907e+01
  -6.0800e+00  -2.0000e+00  -6.3420e+00  -6.4487e+00  -1.2126e+01  -1.9907e+01
  -6.0600e+00  -2.0000e+00  -6.3061e+00  -6.4487e+00  -1.2126e+01  -1.9907e+01
  -6.0400e+00  -2.0000e+00  -6.2715e+00  -6.4487e+00  -1.2126e+01  -1.9907e+01
  -6.0200e+00  -2.0000e+00  -6.2379e+00  -6.4487e+00  -1.2126e+01  -1.9907e+01
  -6.0000e+00  -2.0000e+00  -6.2054e+00  -6.4487e+00  -1.2126e+01  -1.9907e+01
  -5.9800e+00  -2.0000e+00  -6.1737e+00  -6.4487e+00  -1.2126e+01  -1.9907e+01
  -5.9600e+00  -2.0000e+00  -6.1428e+00  -6.4487e+00  -1.2126e+01  -1.9907e+01
  -5.9400e+00  -2.0000e+00  -6.1127e+00  -6.4487e+00  -1.2126e+01  -1.9907e+01
  -5.9200e+00  -2.0001e+00  -6.0833e+00  -6.4487e+00  -1.2126e+01  -1.9907e+01
  -5.9000e+00  -2.0001e+00  -6.0545e+00  -6.4487e+00  -1.2126e+01  -1.9907e+01
  -5.8800e+00  -2.0001e+00  -6.0262e+00  -6.4487e+00  -1.2126e+01  -1.9907e+01
  -5.8600e+00  -2.0001e+00  -5.9984e+00  -6.4487e+00  -1.2126e+01  -1.9907e+01
  -5.8400e+00  -2.0001e+00  -5.9712e+00  -6.4487e+00  -1.2126e+01  -1.9907e+01
  -5.8200e+00  -2.0001e+00  -5.9443e+00  -6.4487e+00  -1.2126e+01  -1.9907e+01
  -5.8000e+00  -2.0001e+00  -5.9179e+00  -6.4487e+00  -1.2126e+01  -1.9907e+01
  -5.7800e+00  -2.0001e+00  -5.8918e+00  -6.4487e+00  -1.2126e+01  -1.9907e+01
  -5.7600e+00  -2.0001e+00  -5.8661e+00  -6.4487e+00  -1.2126e+01  -1.9907e+01
  -5.7400e+00  -2.0001e+00  -5.8408e+00  -6.4487e+00  -1.2126e+01  -1.9907e+01
  -5.7200e+00  -2.0001e+00  -5.8157e+00  -6.4487e+00  -1.2126e+01  -1.9907e+01
  -5.7000e+00  -2.0001e+00  -5.7909e+00  -6.4487e+00  -1.2126e+01  -1.9907e+01
  -5.6800e+00  -2.0001e+00  -5.7664e+00  -6.4487e+00  -1.2126e+01  -1.9907e+01
  -5.6600e+00  -2.0001e+00  -5.7421e+00  -6.4487e+00  -1.2126e+01  -1.9907e+01
  -5.6400e+00  -2.0001e+00  -5.7180e+00  -6.4487e+00  -1.2126e+01  -1.9907e+01
  -5.6200e+00  -2.0001e+00  -5.6942e+00  -6.4487e+00  -1.2126e+01  -1.9907e+01
  -5.6000e+00  -2.0001e+00  -5.6706e+00  -6.4487e+00  -1.2126e+01  -1.9907e+01
  -5.5800e+00  -2.0001e+00  -5.6471e+00  -6.4487e+00  -1.2126e+01  -1.9907e+01
  -5.5600e+00  -2.0001e+00  -5.6239e+00  -6.4487e+00  -1.2126e+01  -1.9907e+01
  -5.5400e+00  -2.0001e+00  -5.6008e+00  -6.4487e+00  -1.2126e+01  -1.9907e+01
  -5.5200e+00  -2.0001e+00  -5.5779e+00  -6.4487e+00  -1.2126e+01  -1.9907e+01
  -5.5000e+00  -2.0001e+00  -5.5551e+00  -6.4487e+00  -1.2126e+01  -1.9907e+01
  -5.4800e+00  -2.0001e+00  -5.5325e+00  -6.4487e+00  -1.2126e+01  -1.9907e+01
  -5.4600e+00  -2.0001e+00  -5.5100e+00  -6.4487e+00  -1.2126e+01  -1.9907e+01
  -5.4400e+00  -2.0002e+00  -5.4876e+00  -6.4487e+00  -1.2126e+01  -1.9907e+01
  -5.4200e+00  -2.0002e+00  -5.4653e+00  -6.4487e+00  -1.2126e+01  -1.9907e+01
  -5.4000e+00  -2.0002e+00  -5.4432e+00  -6.4487e+00  -1.2126e+01  -1.9907e+01
  -5.3800e+00  -2.0002e+00  -5.4211e+00  -6.4487e+00  -1.2126e+01  -1.9907e+01
  -5.3600e+00  -2.0002e+00  -5.3992e+00  -6.4487e+00  -1.2126e+01  -1.9907e+01
  -5.3400e+00  -2.0002e+00  -5.3774e+00  -6.4487e+00  -1.2126e+01  -1.9907e+01
  -5.3200e+00  -2.0002e+00  -5.3556e+00  -6.4487e+00  -1.2126e+01  -1.9907e+01
  -5.3000e+00  -2.0002e+00  -5.3339e+00  -6.4487e+00  -1.2126e+01  -1.9907e+01
  -5.2800e+00  -2.0002e+00  -5.3124e+00  -6.4487e+00  -1.2126e+01  -1.9907e+01
  -5.2600e+00  -2.0002e+00  -5.2908e+00  -6.4487e+00  -1.2126e+01  -1.9907e+01
  -5.2400e+00  -2.0002e+00  -5.2694e+00  -6.4487e+00  -1.2126e+01  -1.9907e+01
  -5.2200e+00  -2.0003e+00  -5.2480e+00  -6.4487e+00  -1.2126e+01  -1.9907e+01
  -5.2000e+00  -2.0003e+00  -5.2267e+00  -6.4487e+00  -1.2126e+01  -1.9907e+01
  -5.1800e+00  -2.0003e+00  -5.2055e+00  -6.4487e+00  -1.2126e+01  -1.9907e+01
  -5.1600e+00  -2.0003e+00  -5.1843e+00  -6.4487e+00  -1.2126e+01  -1.9907e+01
  -5.1400e+00  -2.0003e+00  -5.1632e+00  -6.4487e+00  -1.2126e+01  -1.9907e+01
  -5.1200e+00  -2.0003e+00  -5.1421e+00  -6.4487e+00  -1.2126e+01  -1.9907e+01
  -5.1000e+00  -2.0003e+00  -5.1211e+00  -6.4487e+00  -1.2126e+01  -1.9907e+01
  -5.0800e+00  -2.0004e+00  -5.1001e+00  -6.4487e+00  -1.2126e+01  -1.9907e+01
  -5.0600e+00  -2.0004e+00  -5.0792e+00  -6.4487e+00  -1.2125e+01  -1.9907e+01
  -5.0400e+00  -2.0004e+00  -5.0583e+00  -6.4487e+00  -1.2125e+01  -1.9907e+01
  -5.0200e+00  -2.0004e+00  -5.0375e+00  -6.4487e+00  -1.2125e+01  -1.9907e+01
  -5.0000e+00  -2.0004e+00  -5.0167e+00  -6.4487e+00  -1.2125e+01  -1.9907e+01
  -4.9800e+00  -2.0005e+00  -4.9959e+00  -6.4487e+00  -1.2125e+01  -1.9906e+01
  -4.9600e+00  -2.0005e+00  -4.9752e+00  -6.4487e+00  -1.2125e+01  -1.9906e+01
  -4.9400e+00  -2.0005e+00  -4.9545e+00  -6.4487e+00  -1.2125e+01  -1.9906e+01
  -4.9200e+00  -2.0005e+00  -4.9338e+00  -6.4487e+00  -1.2125e+01  -1.9906e+01
  -4.9000e+00  -2.0005e+00  -4.9132e+00  -6.4487e+00  -1.2125e+01  -1.9906e+01
  -4.8800e+00  -2.0006e+00  -4.8926e+00  -6.4487e+00  -1.2125e+01  -1.9906e+01
  -4.8600e+00  -2.0006e+00  -4.8720e+00  -6.4487e+00  -1.2125e+01  -1.9906e+01
  -4.8400e+00  -2.0006e+00  -4.8515e+00  -6.4487e+00  -1.2125e+01  -1.9906e+01
  -4.8200e+00  -2.0007e+00  -4.8309e+00  -6.4487e+00  -1.2125e+01  -1.9906e+01
  -4.8000e+00  -2.0007e+00  -4.8104e+00  -6.4487e+00  -1.2125e+01  -1.9906e+01
  -4.7800e+00  -2.0007e+00  -4.7900e+00  -6.4487e+00  -1.2125e+01  -1.9906e+01
  -4.7600e+00  -2.0008e+00  -4.7695e+00  -6.4487e+00  -1.2125e+01  -1.9906e+01
  -4.7400e+00  -2.0008e+00  -4.7491e+00  -6.4487e+00  -1.2125e+01  -1.9906e+01
  -4.7200e+00  -2.0008e+00  -4.7287e+00  -6.4487e+00  -1.2125e+01  -1.9906e+01
  -4.7000e+00  -2.0009e+00  -4.7083e+00  -6.4487e+00  -1.2125e+01  -1.9906e+01
  -4.6800e+00  -2.0009e+00  -4.6879e+00  -6.4487e+00  -1.2125e+01  -1.9906e+01
  -4.6600e+00  -2.0010e+00  -4.6675e+00  -6.4487e+00  -1.2125e+01  -1.9905e+01
  -4.6400e+00  -2.0010e+00  -4.6472e+00  -6.4487e+00  -1.2125e+01  -1.9905e+01
  -4.6200e+00  -2.0010e+00  -4.6269e+00  -6.4487e+00  -1.2125e+01  -1.9905e+01
  -4.6000e+00  -2.0011e+00  -4.6066e+00  -6.4487e+00  -1.2125e+01  -1.9905e+01
  -4.5800e+00  -2.0011e+00  -4.5863e+00  -6.4487e+00  -1.2125e+01  -1.9905e+01
  -4.5600e+00  -2.0012e+00  -4.5660e+00  -6.4487e+00  -1.2125e+01  -1.9905e+01
  -4.5400e+00  -2.0013e+00  -4.5457e+00  -6.4487e+00  -1.2125e+01  -1.9905e+01
  -4.5200e+00  -2.0013e+00  -4.5254e+00  -6.4487e+00  -1.2125e+01  -1.9905e+01
  -4.5000e+00  -2.0014e+00  -4.5052e+00  -6.4487e+00  -1.2124e+01  -1.9905e+01
  -4.4800e+00  -2.0014e+00  -4.4850e+00  -6.4487e+00  -1.2124e+01  -1.9905e+01
  -4.4600e+00  -2.0015e+00  -4.4647e+00  -6.4487e+00  -1.2124e+01  -1.9904e+01
  -4.4400e+00  -2.0016e+00  -4.4445e+00  -6.4487e+00  -1.2124e+01  -1.9904e+01
  -4.4200e+00  -2.0017e+00  -4.4243e+00  -6.4487e+00  -1.2124e+01  -1.9904e+01
  -4.4000e+00  -2.0017e+00  -4.4041e+00  -6.4487e+00  -1.2124e+01  -1.9904e+01
  -4.3800e+00  -2.0018e+00  -4.3839e+00  -6.4487e+00  -1.2124e+01  -1.9904e+01
  -4.3600e+00  -2.0019e+00  -4.3638e+00  -6.4487e+00  -1.2124e+01  -1.9904e+01
  -4.3400e+00  -2.0020e+00  -4.3436e+00  -6.4487e+00  -1.2124e+01  -1.9903e+01
  -4.3200e+00  -2.0021e+00  -4.3234e+00  -6.4487e+00  -1.2124e+01  -1.9903e+01
  -4.3000e+00  -2.0022e+00  -4.3033e+00  -6.4487e+00  -1.2124e+01  -1.9903e+01
  -4.2800e+00  -2.0023e+00  -4.2831e+00  -6.4487e+00  -1.2124e+01  -1.9903e+01
  -4.2600e+00  -2.0024e+00  -4.2630e+00  -6.4487e+00  -1.2123e+01  -1.9903e+01
  -4.2400e+00  -2.0025e+00  -4.2429e+00  -6.4487e+00  -1.2123e+01  -1.9902e+01
  -4.2200e+00  -2.0026e+00  -4.2227e+00  -6.4487e+00  -1.2123e+01  -1.9902e+01
  -4.2000e+00  -2.0027e+00  -4.2026e+00  -6.4487e+00  -1.2123e+01  -1.9902e+01
  -4.1800e+00  -2.0029e+00  -4.1825e+00  -6.4487e+00  -1.2123e+01  -1.9902e+01
  -4.1600e+00  -2.0030e+00  -4.1624e+00  -6.4487e+00  -1.2123e+01  -1.9901e+01
  -4.1400e+00  -2.0032e+00  -4.1423e+00  -6.4487e+00  -1.2123e+01  -1.9901e+01
  -4.1200e+00  -2.0033e+00  -4.1222e+00  -6.4487e+00  -1.2123e+01  -1.9901e+01
  -4.1000e+00  -2.0035e+00  -4.1021e+00  -6.4487e+00  -1.2122e+01  -1.9900e+01
  -4.0800e+00  -2.0036e+00  -4.0820e+00  -6.4487e+00  -1.2122e+01  -1.9900e+01
  -4.0600e+00  -2.0038e+00  -4.0619e+00  -6.4487e+00  -1.2122e+01  -1.9900e+01
  -4.0400e+00  -2.0040e+00  -4.0418e+00  -6.4487e+00  -1.2122e+01  -1.9899e+01
  -4.0200e+00  -2.0042e+00  -4.0217e+00  -6.4487e+00  -1.2122e+01  -1.9899e+01
  -4.0000e+00  -2.0044e+00  -4.0016e+00  -6.4487e+00  -1.2122e+01  -1.9899e+01
  -3.9800e+00  -2.0046e+00  -3.9816e+00  -6.4487e+00  -1.2121e+01  -1.9898e+01
  -3.9600e+00  -2.0048e+00  -3.9615e+00  -6.4487e+00  -1.2121e+01  -1.9898e+01
  -3.9400e+00  -2.0050e+00  -3.9414e+00  -6.4487e+00  -1.2121e+01  -1.9897e+01
  -3.9200e+00  -2.0053e+00  -3.9214e+00  -6.4487e+00  -1.2121e+01  -1.9897e+01
  -3.9000e+00  -2.0055e+00  -3.9013e+00  -6.4487e+00  -1.2120e+01  -1.9896e+01
  -3.8800e+00  -2.0058e+00  -3.8812e+00  -6.4487e+00  -1.2120e+01  -1.9896e+01
  -3.8600e+00  -2.0060e+00  -3.8612e+00  -6.4487e+00  -1.2120e+01  -1.9895e+01
  -3.8400e+00  -2.0063e+00  -3.8411e+00  -6.4487e+00  -1.2120e+01  -1.9895e+01
  -3.8200e+00  -2.0066e+00  -3.8211e+00  -6.4487e+00  -1.2119e+01  -1.9894e+01
  -3.8000e+00  -2.0069e+00  -3.8010e+00  -6.4487e+00  -1.2119e+01  -1.9894e+01
  -3.7800e+00  -2.0073e+00  -3.7810e+00  -6.4487e+00  -1.2119e+01  -1.9893e+01
  -3.7600e+00  -2.0076e+00  -3.7609e+00  -6.4487e+00  -1.2118e+01  -1.9892e+01
  -3.7400e+00  -2.0080e+00  -3.7409e+00  -6.4487e+00  -1.2118e+01  -1.9891e+01
  -3.7200e+00  -2.0084e+00  -3.7209e+00  -6.4487e+00  -1.2118e+01  -1.9891e+01
  -3.7000e+00  -2.0088e+00  -3.7008e+00  -6.4487e+00  -1.2117e+01  -1.9890e+01
  -3.6800e+00  -2.0092e+00  -3.6808e+00  -6.4487e+00  -1.2117e+01  -1.9889e+01
  -3.6600e+00  -2.0096e+00  -3.6607e+00  -6.4487e+00  -1.2116e+01  -1.9888e+01
  -3.6400e+00  -2.0101e+00  -3.6407e+00  -6.4487e+00  -1.2116e+01  -1.9887e+01
  -3.6200e+00  -2.0105e+00  -3.6207e+00  -6.4487e+00  -1.2115e+01  -1.9886e+01
  -3.6000e+00  -2.0110e+00  -3.6007e+00  -6.4487e+00  -1.2115e+01  -1.9885e+01
  -3.5800e+00  -2.0116e+00  -3.5806e+00  -6.4487e+00  -1.2114e+01  -1.9884e+01
  -3.5600e+00  -2.0121e+00  -3.5606e+00  -6.4487e+00  -1.2114e+01  -1.9883e+01
  -3.5400e+00  -2.0127e+00  -3.5406e+00  -6.4487e+00  -1.2113e+01  -1.9882e+01
  -3.5200e+00  -2.0133e+00  -3.5205e+00  -6.4487e+00  -1.2113e+01  -1.9881e+01
  -3.5000e+00  -2.0140e+00  -3.5005e+00  -6.4487e+00  -1.2112e+01  -1.9879e+01
  -3.4800e+00  -2.0146e+00  -3.4805e+00  -6.4487e+00  -1.2111e+01  -1.9878e+01
  -3.4600e+00  -2.0153e+00  -3.4605e+00  -6.4487e+00  -1.2111e+01  -1.9877e+01
  -3.4400e+00  -2.0161e+00  -3.4404e+00  -6.4487e+00  -1.2110e+01  -1.9875e+01
  -3.4200e+00  -2.0168e+00  -3.4204e+00  -6.4487e+00  -1.2109e+01  -1.9874e+01
  -3.4000e+00  -2.0176e+00  -3.4004e+00  -6.4487e+00  -1.2108e+01  -1.9872e+01
  -3.3800e+00  -2.0185e+00  -3.3804e+00  -6.4487e+00  -1.2107e+01  -1.9870e+01
  -3.3600e+00  -2.0194e+00  -3.3604e+00  -6.4487e+00  -1.2106e+01  -1.9869e+01
  -3.3400e+00  -2.0203e+00  -3.3404e+00  -6.4487e+00  -1.2106e+01  -1.9867e+01
  -3.3200e+00  -2.0213e+00  -3.3203e+00  -6.4487e+00  -1.2105e+01  -1.9865e+01
  -3.3000e+00  -2.0223e+00  -3.3003e+00  -6.4487e+00  -1.2104e+01  -1.9863e+01
  -3.2800e+00  -2.0234e+00  -3.2803e+00  -6.4487e+00  -1.2102e+01  -1.9861e+01
  -3.2600e+00  -2.0245e+00  -3.2603e+00  -6.4487e+00  -1.2101e+01  -1.9858e+01
  -3.2400e+00  -2.0257e+00  -3.2403e+00  -6.4487e+00  -1.2100e+01  -1.9856e+01
  -3.2200e+00  -2.0270e+00  -3.2203e+00  -6.4487e+00  -1.2099e+01  -1.9853e+01
  -3.2000e+00  -2.0283e+00  -3.2003e+00  -6.4487e+00  -1.2098e+01  -1.9851e+01
  -3.1800e+00  -2.0297e+00  -3.1803e+00  -6.4487e+00  -1.2096e+01  -1.9848e+01
  -3.1600e+00  -2.0311e+00  -3.1602e+00  -6.4487e+00  -1.2095e+01  -1.9845e+01
  -3.1400e+00  -2.0327e+00  -3.1402e+00  -6.4487e+00  -1.2093e+01  -1.9842e+01
  -3.1200e+00  -2.0343e+00  -3.1202e+00  -6.4487e+00  -1.2092e+01  -1.9839e+01
  -3.1000e+00  -2.0359e+00  -3.1002e+00  -6.4487e+00  -1.2090e+01  -1.9836e+01
  -3.0800e+00  -2.0377e+00  -3.0802e+00  -6.4487e+00  -1.2088e+01  -1.9832e+01
  -3.0600e+00  -2.0396e+00  -3.0602e+00  -6.4487e+00  -1.2086e+01  -1.9828e+01
  -3.0400e+00  -2.0415e+00  -3.0402e+00  -6.4487e+00  -1.2084e+01  -1.9824e+01
  -3.0200e+00  -2.0436e+00  -3.0202e+00  -6.4487e+00  -1.2082e+01  -1.9820e+01
  -3.0000e+00  -2.0458e+00  -3.0002e+00  -6.4487e+00  -1.2080e+01  -1.9816e+01
  -2.9800e+00  -2.0480e+00  -2.9802e+00  -6.4487e+00  -1.2078e+01  -1.9811e+01
  -2.9600e+00  -2.0504e+00  -2.9601e+00  -6.4487e+00  -1.2075e+01  -1.9807e+01
  -2.9400e+00  -2.0530e+00  -2.9401e+00  -6.4487e+00  -1.2073e+01  -1.9801e+01
  -2.9200e+00  -2.0556e+00  -2.9201e+00  -6.4487e+00  -1.2070e+01  -1.9796e+01
  -2.9000e+00  -2.0584e+00  -2.9001e+00  -6.4487e+00  -1.2067e+01  -1.9791e+01
  -2.8800e+00  -2.0614e+00  -2.8801e+00  -6.4487e+00  -1.2064e+01  -1.9785e+01
  -2.8600e+00  -2.0645e+00  -2.8601e+00  -6.4487e+00  -1.2061e+01  -1.9778e+01
  -2.8400e+00  -2.0678e+00  -2.8401e+00  -6.4487e+00  -1.2058e+01  -1.9772e+01
  -2.8200e+00  -2.0713e+00  -2.8201e+00  -6.4487e+00  -1.2055e+01  -1.9765e+01
  -2.8000e+00  -2.0749e+00  -2.8001e+00  -6.4487e+00  -1.2051e+01  -1.9758e+01
  -2.7800e+00  -2.0788e+00  -2.7801e+00  -6.4487e+00  -1.2047e+01  -1.9750e+01
  -2.7600e+00  -2.0829e+00  -2.7601e+00  -6.4487e+00  -1.2043e+01  -1.9742e+01
  -2.7400e+00  -2.0872e+00  -2.7401e+00  -6.4487e+00  -1.2039e+01  -1.9733e+01
  -2.7200e+00  -2.0918e+00  -2.7201e+00  -6.4487e+00  -1.2034e+01  -1.9724e+01
  -2.7000e+00  -2.0967e+00  -2.7001e+00  -6.4487e+00  -1.2029e+01  -1.9714e+01
  -2.6800e+00  -2.1018e+00  -2.6801e+00  -6.4487e+00  -1.2024e+01  -1.9704e+01
  -2.6600e+00  -2.1072e+00  -2.6601e+00  -6.4487e+00  -1.2019e+01  -1.9693e+01
  -2.6400e+00  -2.1130e+00  -2.6401e+00  -6.4487e+00  -1.2013e+01  -1.9681e+01
  -2.6200e+00  -2.1191e+00  -2.6201e+00  -6.4487e+00  -1.2007e+01  -1.9669e+01
  -2.6000e+00  -2.1256e+00  -2.6001e+00  -6.4487e+00  -1.2000e+01  -1.9656e+01
  -2.5800e+00  -2.1325e+00  -2.5801e+00  -6.4487e+00  -1.1993e+01  -1.9642e+01
  -2.5600e+00  -2.1399e+00  -2.5601e+00  -6.4487e+00  -1.1986e+01  -1.9628e+01
  -2.5400e+00  -2.1478e+00  -2.5401e+00  -6.4487e+00  -1.1978e+01  -1.9612e+01
  -2.5200e+00  -2.1561e+00  -2.5200e+00  -6.4487e+00  -1.1970e+01  -1.9595e+01
  -2.5000e+00  -2.1651e+00  -2.5001e+00  -6.4487e+00  -1.1961e+01  -1.9577e+01
  -2.4800e+00  -2.1747e+00  -2.4801e+00  -6.4487e+00  -1.1951e+01  -1.9558e+01
  -2.4600e+00  -2.1849e+00  -2.4600e+00  -6.4487e+00  -1.1941e+01  -1.9538e+01
  -2.4400e+00  -2.1959e+00  -2.4400e+00  -6.4487e+00  -1.1930e+01  -1.9516e+01
  -2.4200e+00  -2.2077e+00  -2.4200e+00  -6.4487e+00  -1.1918e+01  -1.9492e+01
  -2.4000e+00  -2.2205e+00  -2.4000e+00  -6.4487e+00  -1.1905e+01  -1.9466e+01
  -2.3800e+00  -2.2342e+00  -2.3800e+00  -6.4487e+00  -1.1892e+01  -1.9439e+01
  -2.3600e+00  -2.2491e+00  -2.3600e+00  -6.4487e+00  -1.1877e+01  -1.9409e+01
  -2.3400e+00  -2.2653e+00  -2.3400e+00  -6.4487e+00  -1.1861e+01  -1.9377e+01
  -2.3200e+00  -2.2829e+00  -2.3200e+00  -6.4487e+00  -1.1843e+01  -1.9342e+01
  -2.3000e+00  -2.3021e+00  -2.3000e+00  -6.4487e+00  -1.1824e+01  -1.9303e+01
  -2.2800e+00  -2.3231e+00  -2.2800e+00  -6.4487e+00  -1.1803e+01  -1.9261e+01
  -2.2600e+00  -2.3463e+00  -2.2600e+00  -6.4487e+00  -1.1780e+01  -1.9215e+01
  -2.2400e+00  -2.3721e+00  -2.2400e+00  -6.4487e+00  -1.1754e+01  -1.9163e+01
  -2.2200e+00  -2.4007e+00  -2.2200e+00  -6.4487e+00  -1.1725e+01  -1.9106e+01
  -2.2000e+00  -2.4329e+00  -2.2000e+00  -6.4487e+00  -1.1693e+01  -1.9042e+01
  -2.1800e+00  -2.4694e+00  -2.1800e+00  -6.4487e+00  -1.1656e+01  -1.8969e+01
  -2.1600e+00  -2.5112e+00  -2.1600e+00  -6.4487e+00  -1.1615e+01  -1.8885e+01
  -2.1400e+00  -2.5598e+00  -2.1400e+00  -6.4487e+00  -1.1566e+01  -1.8788e+01
  -2.1200e+00  -2.6172e+00  -2.1200e+00  -6.4487e+00  -1.1509e+01  -1.8673e+01
  -2.1000e+00  -2.6868e+00  -2.1000e+00  -6.4487e+00  -1.1439e+01  -1.8534e+01
  -2.0800e+00  -2.7740e+00  -2.0800e+00  -6.4487e+00  -1.1352e+01  -1.8359e+01
  -2.0600e+00  -2.8892e+00  -2.0600e+00  -6.4487e+00  -1.1237e+01  -1.8129e+01
  -2.0400e+00  -3.0554e+00  -2.0400e+00  -6.4487e+00  -1.1070e+01  -1.7796e+01
  -2.0200e+00  -3.3462e+00  -2.0200e+00  -6.4487e+00  -1.0780e+01  -1.7215e+01
  -2.0000e+00  -4.8397e+00  -2.0006e+00  -6.4487e+00  -9.2861e+00  -1.4228e+01
  -1.9800e+00  -6.3501e+00  -2.0000e+00  -6.4487e+00  -7.7730e+00  -1.1199e+01
  -1.9600e+00  -6.6586e+00  -2.0000e+00  -6.4488e+00  -7.4618e+00  -1.0574e+01
  -1.9400e+00  -6.8422e+00  -2.0000e+00  -6.4488e+00  -7.2755e+00  -1.0199e+01
  -1.9200e+00  -6.9746e+00  -2.0000e+00  -6.4489e+00  -7.1404e+00  -9.9256e+00
  -1.9000e+00  -7.0790e+00  -2.0000e+00  -6.4490e+00  -7.0333e+00  -9.7086e+00
  -1.8800e+00  -7.1660e+00  -2.0000e+00  -6.4490e+00  -6.9436e+00  -9.5265e+00
  -1.8600e+00  -7.2407e+00  -2.0000e+00  -6.4491e+00  -6.8662e+00  -9.3690e+00
  -1.8400e+00  -7.3065e+00  -2.0000e+00  -6.4491e+00  -6.7977e+00  -9.2293e+00
  -1.8200e+00  -7.3657e+00  -2.0000e+00  -6.4492e+00  -6.7358e+00  -9.1029e+00
  -1.8000e+00  -7.4195e+00  -2.0000e+00  -6.4493e+00  -6.6793e+00  -8.9873e+00
  -1.7800e+00  -7.4690e+00  -2.0000e+00  -6.4494e+00  -6.6271e+00  -8.8801e+00
  -1.7600e+00  -7.5149e+00  -2.0000e+00  -6.4494e+00  -6.5785e+00  -8.7801e+00
  -1.7400e+00  -7.5579e+00  -2.0000e+00  -6.4495e+00  -6.5328e+00  -8.6859e+00
  -1.7200e+00  -7.5984e+00  -2.0000e+00  -6.4496e+00  -6.4895e+00  -8.5967e+00
  -1.7000e+00  -7.6367e+00  -2.0000e+00  -6.4497e+00  -6.4485e+00  -8.5119e+00
  -1.6800e+00  -7.6731e+00  -2.0000e+00  -6.4498e+00  -6.4093e+00  -8.4307e+00
  -1.6600e+00  -7.7079e+00  -2.0000e+00  -6.4499e+00  -6.3717e+00  -8.3527e+00
  -1.6400e+00  -7.7413e+00  -2.0000e+00  -6.4500e+00  -6.3355e+00  -8.2776e+00
  -1.6200e+00  -7.7733e+00  -2.0000e+00  -6.4501e+00  -6.3007e+00  -8.2051e+00
  -1.6000e+00  -7.8043e+00  -2.0000e+00  -6.4502e+00  -6.2669e+00  -8.1347e+00
  -1.5800e+00  -7.8342e+00  -2.0000e+00  -6.4503e+00  -6.2341e+00  -8.0664e+00
  -1.5600e+00  -7.8631e+00  -2.0000e+00  -6.4505e+00  -6.2023e+00  -7.9999e+00
  -1.5400e+00  -7.8912e+00  -2.0000e+00  -6.4506e+00  -6.1713e+00  -7.9350e+00
  -1.5200e+00  -7.9186e+00  -2.0000e+00  -6.4507e+00  -6.1411e+00  -7.8716e+00
  -1.5000e+00  -7.9453e+00  -2.0001e+00  -6.4509e+00  -6.1115e+00  -7.8096e+00
  -1.4800e+00  -7.9713e+00  -2.0001e+00  -6.4510e+00  -6.0826e+00  -7.7488e+00
  -1.4600e+00  -7.9967e+00  -2.0001e+00  -6.4512e+00  -6.0542e+00  -7.6890e+00
  -1.4400e+00  -8.0216e+00  -2.0001e+00  -6.4513e+00  -6.0263e+00  -7.6304e+00
  -1.4200e+00  -8.0460e+00  -2.0001e+00  -6.4515e+00  -5.9990e+00  -7.5727e+00
  -1.4000e+00  -8.0699e+00  -2.0001e+00  -6.4517e+00  -5.9720e+00  -7.5158e+00
  -1.3800e+00  -8.0934e+00  -2.0001e+00  -6.4519e+00  -5.9455e+00  -7.4598e+00
  -1.3600e+00  -8.1165e+00  -2.0001e+00  -6.4521e+00  -5.9194e+00  -7.4045e+00
  -1.3400e+00  -8.1393e+00  -2.0001e+00  -6.4523e+00  -5.8936e+00  -7.3500e+00
  -1.3200e+00  -8.1617e+00  -2.0001e+00  -6.4525e+00  -5.8682e+00  -7.2961e+00
  -1.3000e+00  -8.1837e+00  -2.0001e+00  -6.4527e+00  -5.8431e+00  -7.2427e+00
  -1.2800e+00  -8.2055e+00  -2.0001e+00  -6.4529e+00  -5.8182e+00  -7.1900e+00
  -1.2600e+00  -8.2270e+00  -2.0001e+00  -6.4532e+00  -5.7936e+00  -7.1377e+00
  -1.2400e+00  -8.2482e+00  -2.0001e+00  -6.4535e+00  -5.7693e+00  -7.0860e+00
  -1.2200e+00  -8.2692e+00  -2.0001e+00  -6.4537e+00  -5.7452e+00  -7.0347e+00
  -1.2000e+00  -8.2900e+00  -2.0001e+00  -6.4540e+00  -5.7214e+00  -6.9839e+00
  -1.1800e+00  -8.3106e+00  -2.0001e+00  -6.4543e+00  -5.6977e+00  -6.9335e+00
  -1.1600e+00  -8.3309e+00  -2.0001e+00  -6.4546e+00  -5.6742e+00  -6.8834e+00
  -1.1400e+00  -8.3511e+00  -2.0001e+00  -6.4549e+00  -5.6509e+00  -6.8337e+00
  -1.1200e+00  -8.3711e+00  -2.0001e+00  -6.4553e+00  -5.6278e+00  -6.7844e+00
  -1.1000e+00  -8.3910e+00  -2.0001e+00  -6.4556e+00  -5.6049e+00  -6.7353e+00
  -1.0800e+00  -8.4107e+00  -2.0001e+00  -6.4560e+00  -5.5820e+00  -6.6866e+00
  -1.0600e+00  -8.4303e+00  -2.0001e+00  -6.4564e+00  -5.5594e+00  -6.6382e+00
  -1.0400e+00  -8.4497e+00  -2.0002e+00  -6.4568e+00  -5.5369e+00  -6.5901e+00
  -1.0200e+00  -8.4690e+00  -2.0002e+00  -6.4572e+00  -5.5145e+00  -6.5422e+00
  -1.0000e+00  -8.4883e+00  -2.0002e+00  -6.4577e+00  -5.4922e+00  -6.4946e+00

 Column 7:

  -3.9086e+01
  -3.9006e+01
  -3.8926e+01
  -3.8846e+01
  -3.8766e+01
  -3.8686e+01
  -3.8606e+01
  -3.8526e+01
  -3.8446e+01
  -3.8366e+01
  -3.8286e+01
  -3.8206e+01
  -3.8126e+01
  -3.8046e+01
  -3.7966e+01
  -3.7886e+01
  -3.7806e+01
  -3.7726e+01
  -3.7646e+01
  -3.7566e+01
  -3.7486e+01
  -3.7406e+01
  -3.7326e+01
  -3.7246e+01
  -3.7166e+01
  -3.7086e+01
  -3.7006e+01
  -3.6926e+01
  -3.6846e+01
  -3.6766e+01
  -3.6686e+01
  -3.6606e+01
  -3.6526e+01
  -3.6446e+01
  -3.6366e+01
  -3.6286e+01
  -3.6206e+01
  -3.6126e+01
  -3.6046e+01
  -3.5966e+01
  -3.5886e+01
  -3.5806e+01
  -3.5726e+01
  -3.5646e+01
  -3.5566e+01
  -3.5486e+01
  -3.5406e+01
  -3.5326e+01
  -3.5246e+01
  -3.5166e+01
  -3.5086e+01
  -3.5006e+01
  -3.4926e+01
  -3.4846e+01
  -3.4766e+01
  -3.4686e+01
  -3.4606e+01
  -3.4526e+01
  -3.4446e+01
  -3.4366e+01
  -3.4286e+01
  -3.4206e+01
  -3.4126e+01
  -3.4046e+01
  -3.3966e+01
  -3.3886e+01
  -3.3806e+01
  -3.3726e+01
  -3.3646e+01
  -3.3566e+01
  -3.3486e+01
  -3.3406e+01
  -3.3326e+01
  -3.3246e+01
  -3.3166e+01
  -3.3086e+01
  -3.3006e+01
  -3.2926e+01
  -3.2846e+01
  -3.2766e+01
  -3.2686e+01
  -3.2606e+01
  -3.2526e+01
  -3.2446e+01
  -3.2366e+01
  -3.2286e+01
  -3.2206e+01
  -3.2126e+01
  -3.2046e+01
  -3.1966e+01
  -3.1886e+01
  -3.1806e+01
  -3.1726e+01
  -3.1646e+01
  -3.1566e+01
  -3.1486e+01
  -3.1406e+01
  -3.1326e+01
  -3.1246e+01
  -3.1166e+01
  -3.1086e+01
  -3.1006e+01
  -3.0926e+01
  -3.0846e+01
  -3.0766e+01
  -3.0686e+01
  -3.0606e+01
  -3.0526e+01
  -3.0446e+01
  -3.0366e+01
  -3.0286e+01
  -3.0206e+01
  -3.0126e+01
  -3.0046e+01
  -2.9966e+01
  -2.9886e+01
  -2.9806e+01
  -2.9726e+01
  -2.9646e+01
  -2.9566e+01
  -2.9486e+01
  -2.9406e+01
  -2.9326e+01
  -2.9246e+01
  -2.9166e+01
  -2.9086e+01
  -2.9006e+01
  -2.8926e+01
  -2.8846e+01
  -2.8781e+01
  -2.8781e+01
  -2.8781e+01
  -2.8781e+01
  -2.8781e+01
  -2.8781e+01
  -2.8781e+01
  -2.8781e+01
  -2.8781e+01
  -2.8781e+01
  -2.8781e+01
  -2.8781e+01
  -2.8781e+01
  -2.8781e+01
  -2.8781e+01
  -2.8781e+01
  -2.8781e+01
  -2.8781e+01
  -2.8781e+01
  -2.8781e+01
  -2.8781e+01
  -2.8781e+01
  -2.8781e+01
  -2.8781e+01
  -2.8781e+01
  -2.8781e+01
  -2.8781e+01
  -2.8781e+01
  -2.8781e+01
  -2.8781e+01
  -2.8781e+01
  -2.8781e+01
  -2.8781e+01
  -2.8781e+01
  -2.8781e+01
  -2.8781e+01
  -2.8781e+01
  -2.8781e+01
  -2.8781e+01
  -2.8781e+01
  -2.8781e+01
  -2.8781e+01
  -2.8781e+01
  -2.8781e+01
  -2.8781e+01
  -2.8781e+01
  -2.8781e+01
  -2.8781e+01
  -2.8781e+01
  -2.8781e+01
  -2.8781e+01
  -2.8781e+01
  -2.8781e+01
  -2.8781e+01
  -2.8781e+01
  -2.8781e+01
  -2.8781e+01
  -2.8781e+01
  -2.8780e+01
  -2.8780e+01
  -2.8780e+01
  -2.8780e+01
  -2.8780e+01
  -2.8780e+01
  -2.8780e+01
  -2.8780e+01
  -2.8780e+01
  -2.8780e+01
  -2.8780e+01
  -2.8780e+01
  -2.8780e+01
  -2.8780e+01
  -2.8780e+01
  -2.8780e+01
  -2.8780e+01
  -2.8780e+01
  -2.8780e+01
  -2.8779e+01
  -2.8779e+01
  -2.8779e+01
  -2.8779e+01
  -2.8779e+01
  -2.8779e+01
  -2.8779e+01
  -2.8779e+01
  -2.8779e+01
  -2.8779e+01
  -2.8778e+01
  -2.8778e+01
  -2.8778e+01
  -2.8778e+01
  -2.8778e+01
  -2.8778e+01
  -2.8778e+01
  -2.8777e+01
  -2.8777e+01
  -2.8777e+01
  -2.8777e+01
  -2.8777e+01
  -2.8776e+01
  -2.8776e+01
  -2.8776e+01
  -2.8776e+01
  -2.8775e+01
  -2.8775e+01
  -2.8775e+01
  -2.8775e+01
  -2.8774e+01
  -2.8774e+01
  -2.8774e+01
  -2.8773e+01
  -2.8773e+01
  -2.8773e+01
  -2.8772e+01
  -2.8772e+01
  -2.8771e+01
  -2.8771e+01
  -2.8770e+01
  -2.8770e+01
  -2.8769e+01
  -2.8769e+01
  -2.8768e+01
  -2.8767e+01
  -2.8767e+01
  -2.8766e+01
  -2.8765e+01
  -2.8765e+01
  -2.8764e+01
  -2.8763e+01
  -2.8762e+01
  -2.8761e+01
  -2.8760e+01
  -2.8759e+01
  -2.8758e+01
  -2.8757e+01
  -2.8756e+01
  -2.8755e+01
  -2.8754e+01
  -2.8752e+01
  -2.8751e+01
  -2.8750e+01
  -2.8748e+01
  -2.8746e+01
  -2.8745e+01
  -2.8743e+01
  -2.8741e+01
  -2.8739e+01
  -2.8737e+01
  -2.8735e+01
  -2.8733e+01
  -2.8731e+01
  -2.8728e+01
  -2.8726e+01
  -2.8723e+01
  -2.8720e+01
  -2.8717e+01
  -2.8714e+01
  -2.8711e+01
  -2.8708e+01
  -2.8704e+01
  -2.8700e+01
  -2.8696e+01
  -2.8692e+01
  -2.8688e+01
  -2.8683e+01
  -2.8678e+01
  -2.8673e+01
  -2.8668e+01
  -2.8662e+01
  -2.8657e+01
  -2.8650e+01
  -2.8644e+01
  -2.8637e+01
  -2.8630e+01
  -2.8622e+01
  -2.8614e+01
  -2.8606e+01
  -2.8597e+01
  -2.8588e+01
  -2.8578e+01
  -2.8567e+01
  -2.8556e+01
  -2.8545e+01
  -2.8532e+01
  -2.8519e+01
  -2.8506e+01
  -2.8491e+01
  -2.8476e+01
  -2.8460e+01
  -2.8442e+01
  -2.8424e+01
  -2.8404e+01
  -2.8384e+01
  -2.8361e+01
  -2.8338e+01
  -2.8313e+01
  -2.8286e+01
  -2.8257e+01
  -2.8226e+01
  -2.8193e+01
  -2.8158e+01
  -2.8120e+01
  -2.8078e+01
  -2.8034e+01
  -2.7985e+01
  -2.7933e+01
  -2.7875e+01
  -2.7812e+01
  -2.7742e+01
  -2.7665e+01
  -2.7579e+01
  -2.7482e+01
  -2.7373e+01
  -2.7248e+01
  -2.7102e+01
  -2.6930e+01
  -2.6721e+01
  -2.6459e+01
  -2.6114e+01
  -2.5615e+01
  -2.4742e+01
  -2.0262e+01
  -1.5714e+01
  -1.4773e+01
  -1.4206e+01
  -1.3792e+01
  -1.3463e+01
  -1.3185e+01
  -1.2945e+01
  -1.2732e+01
  -1.2538e+01
  -1.2360e+01
  -1.2196e+01
  -1.2042e+01
  -1.1896e+01
  -1.1758e+01
  -1.1627e+01
  -1.1501e+01
  -1.1380e+01
  -1.1263e+01
  -1.1150e+01
  -1.1040e+01
  -1.0933e+01
  -1.0829e+01
  -1.0728e+01
  -1.0628e+01
  -1.0531e+01
  -1.0435e+01
  -1.0341e+01
  -1.0249e+01
  -1.0158e+01
  -1.0068e+01
  -9.9795e+00
  -9.8920e+00
  -9.8056e+00
  -9.7202e+00
  -9.6356e+00
  -9.5518e+00
  -9.4689e+00
  -9.3866e+00
  -9.3051e+00
  -9.2242e+00
  -9.1439e+00
  -9.0641e+00
  -8.9849e+00
  -8.9062e+00
  -8.8281e+00
  -8.7504e+00
  -8.6731e+00
  -8.5963e+00
  -8.5199e+00
  -8.4439e+00
